23.1271
17.37613
22.33386
23.34343
20.7594
20.64523
17.38514
16.90439
17.56844
20.66025
20.03828
15.16768
16.42364
16.0811
17.73969
17.65856
17.20786
16.42364
15.46214
17.4242
16.23735
18.15434
17.14477
15.8167
18.16936
15.94589
19.77988
19.62964
16.2073
14.29031
19.76184
16.02702
16.70908
25.38662
24.59639
15.71754
17.06664
16.15022
16.12317
15.58533
17.22589
16.48374
15.80167
15.69951
16.57688
18.23245
17.03058
16.04204
17.85988
16.54383
18.58701
19.71678
16.63696
16.95247
19.31716
17.39115
17.1087
16.12618
15.66946
16.7241
14.88824
16.89837
16.28843
14.45557
17.33706
16.09612
14.56674
16.21931
16.73311
16.60692
18.0582
19.04372
14.74102
14.55171
15.76861
20.42889
22.03038
21.7179
17.74871
16.71209
17.27396
16.75716
17.15678
18.16937
17.15377
16.80223
16.91941
17.12673
18.94758
17.28899
18.26551
18.68016
18.17237
16.99752
17.26495
18.34663
17.64955
17.71566
16.06307
31.75355
19.30814
16.96148
16.03604
17.71865
16.1412
18.10326
17.6796
16.2133
17.21387
16.87134
16.09311
16.70608
16.60091
17.32806
13.92975
14.44355
17.75171
13.84861
15.89181
13.00731
14.75304
12.98327
15.60337
16.92842
15.9519
11.76036
15.48017
10.78384
12.6828
13.23566
14.34739
13.36487
15.45612
23.17216
31.43807
15.72356
17.22589
16.16223
17.89594
23.27733
17.97105
17.0456
15.92185
15.79566
15.62139
16.36955
16.18327
15.52824
15.84073
14.98739
15.35997
16.27641
16.24637
36.10434
16.3996
19.50946
18.13931
16.93142
22.31884
17.3611
17.4272
18.83641
17.83284
17.8088
16.51378
15.90083
17.77575
17.31602
18.18739
18.71922
17.70062
17.37312
17.49932
18.98063
15.88881
17.00654
18.29255
17.25894
17.1718
17.14476
17.34307
19.66269
20.60617
17.7457
16.48674
14.66889
14.89125
14.51566
13.83059
11.75435
11.10534
10.78985
10.67868
10.73877
13.78252
12.40637
11.75436
13.26271
14.24524
22.8146
18.77931
17.295
15.25782
16.74213
17.34007
15.60637
19.93612
18.10927
16.26138
18.52691
17.11171
16.91341
20.02926
16.52881
16.93744
13.28673
14.84317
12.97726
19.14289
17.18683
14.66589
15.22477
23.82118
18.94758
14.29331
13.02233
15.53124
16.44466
18.54494
6.366944
3.638693
4.564126
8.010512
4.942723
5.089957
7.57482
4.669294
5.6338
5.011827
4.798501
4.555117
4.140469
4.392864
4.852585
4.645261
5.171088
5.288258
3.806946
4.885628
4.738405
4.425911
5.077933
4.63024
4.627232
4.212582
4.224604
3.855036
3.794926
5.781029
4.984784
7.74008
4.54009
4.774462
5.648821
4.146475
4.94873
5.237182
5.159062
5.441498
6.069476
3.927134
4.10441
4.239625
2.656142
3.746851
8.241874
3.470424
4.143481
3.788923
4.257662
4.723391
4.209584
4.651267
5.363385
4.269671
4.443942
3.852028
4.516056
4.155495
3.82497
4.804504
4.594174
3.891077
3.320198
4.257658
5.023847
3.145905
3.999258
4.341777
2.683198
3.557566
3.290148
17.10269
5.546663
6.814641
5.747971
4.720375
5.399447
3.891088
4.666297
4.05934
4.657263
4.137464
4.203569
5.231175
5.21014
4.110427
4.897653
3.921129
4.287703
4.546099
3.99324
5.207133
4.534083
4.263669
4.449955
4.555113
4.428927
5.666854
3.677753
2.908544
3.010707
5.144037
2.650137
4.245632
3.794934
4.43794
5.808066
4.624225
5.552682
5.627787
5.919247
3.178975
5.16206
5.696895
3.993241
2.695212
4.534074
4.588161
2.698225
2.623101
2.848447
4.651274
5.171072
4.915679
5.129021
10.33013
5.781023
3.587599
3.71981
4.278683
4.834552
3.365252
4.795485
3.5876
2.683194
3.794929
5.778024
4.071364
4.846572
3.413332
2.59306
4.543092
3.650697
4.807512
4.792491
3.602637
3.515499
6.198679
4.576161
5.775014
5.126002
4.753424
3.596626
4.95775
3.924135
4.125454
5.068926
4.251637
3.794926
3.71982
2.316628
4.425921
4.137467
4.098405
4.597187
2.947607
4.95174
5.363374
4.131452
4.368831
9.215391
4.092398
3.755863
4.846573
2.505921
3.746862
4.407884
3.78591
3.53352
4.197557
4.041323
3.554565
5.005819
4.522076
5.567696
4.326766
4.540086
4.945729
4.873608
2.884502
5.153048
4.440938
3.269107
3.897092
4.383853
4.486001
3.251081
4.927695
4.570134
3.903097
4.152491
5.159067
4.849581
3.683757
2.842453
3.401317
4.900656
3.422349
3.99624
3.683767
3.933155
4.516056
5.294267
3.175967
4.452956
5.291257
5.309291
4.284709
4.155489
4.780473
4.113424
5.378398
6.910786
5.032871
5.657832
5.411458
5.916235
3.638678
3.767889
4.564139
4.305734
5.561688
4.615217
4.323763
5.336327
3.010712
4.768447
3.350244
4.155506
4.882629
4.576152
4.014273
5.396422
4.389858
5.228159
5.204126
3.39831
5.17709
3.846016
4.005258
4.395872
5.513608
4.287694
3.933157
3.713805
4.564131
4.068359
4.621221
3.80996
4.248638
4.395874
9.88243
3.614652
4.741404
4.975767
4.389853
3.50047
3.593613
4.350803
2.938599
4.371832
4.792492
4.52206
3.921129
4.086389
4.708351
3.638678
4.92168
4.101424
3.689771
3.686759
3.59963
4.329765
4.984787
4.960752
4.422908
3.87907
4.918684
5.369384
3.830995
5.020839
3.830991
4.915675
3.752872
3.912113
4.834554
4.699348
3.767892
4.260658
7.776141
4.831546
6.258772
5.309289
4.51907
4.431922
5.168076
2.641124
5.083934
4.386851
5.312301
5.213147
4.573133
4.564131
4.380851
3.99323
3.990232
4.666289
3.175968
5.098974
8.157733
5.79004
4.861593
6.111547
4.092391
7.884315
2.950618
4.654269
3.809956
3.824967
3.39531
4.023289
4.473998
3.043766
4.756438
3.764885
3.713811
3.830985
5.068922
4.200562
3.809947
4.810513
2.848454
5.345354
4.65126
3.830989
5.189104
4.407891
4.2817
4.930694
5.489581
3.999251
3.77389
5.207141
5.071926
4.143474
3.927138
5.168079
4.278688
4.792494
5.032862
2.992671
5.165079
3.410331
4.158494
5.321312
6.502155
4.455966
7.418585
3.680748
7.460653
4.489015
4.083387
4.504031
3.954179
7.268343
5.201126
4.690326
4.963757
3.984223
4.660272
3.037747
4.645253
4.467988
3.861036
4.71736
3.827977
5.08094
5.135024
4.495017
4.657282
4.88263
5.077933
4.936716
3.266096
3.927145
4.407888
5.327324
4.434935
4.080382
4.458965
4.480007
4.050336
4.600194
4.786471
6.246756
5.729951
5.267229
4.131467
3.425351
3.419337
3.924131
3.969207
4.486006
3.419351
5.588735
3.909116
3.172969
6.742532
4.176532
4.17353
4.708356
5.642816
4.489008
4.008262
4.371835
4.086388
8.623464
7.695021
5.02985
4.564126
4.909673
4.206576
4.149487
3.566566
4.263657
3.894087
3.97821
4.657274
4.561133
7.93539
5.348349
4.825536
4.747422
3.151926
3.776904
9.690129
3.299153
4.041311
3.608642
21.6608
4.344781
5.979335
8.136711
5.050885
4.960747
4.431928
4.669297
3.338209
4.960746
3.94216
4.116433
5.180091
4.239625
5.044887
5.88619
4.401875
4.215587
4.26667
4.272679
3.843008
4.179531
4.708358
4.633235
5.781025
3.776905
4.837556
3.939152
4.188552
4.08639
4.879627
3.097839
4.786482
4.945731
4.290715
3.440367
4.212577
4.464974
3.858033
3.341219
5.26121
4.750424
5.255205
4.690333
3.557557
4.843569
4.302735
5.402451
4.642261
5.035857
3.175969
4.522069
5.02384
5.537651
6.577269
5.276243
4.927698
4.428914
5.195118
5.723939
4.407895
5.790042
4.440938
5.098964
8.827783
4.837552
10.86195
3.758881
4.597187
4.275681
4.546094
4.624224
4.215595
3.73483
4.335776
4.786474
7.526746
5.168068
4.446954
5.573713
4.789484
4.924688
4.062359
5.029864
5.336339
4.666294
4.546115
4.224604
3.082817
4.651261
4.60319
4.960744
4.7925
5.429485
3.909107
5.198132
4.020286
4.131458
4.32375
9.239432
3.728821
4.209571
4.963755
3.975215
4.212585
3.377289
5.54967
4.188543
5.002811
4.332758
5.035867
4.924703
7.505719
3.864038
5.120002
4.90065
5.147041
5.991364
4.233608
4.519068
3.097832
3.803947
3.770896
4.984794
3.951175
4.341784
5.107977
4.960757
3.046761
3.329213
3.163941
4.125445
4.203567
4.002256
2.370706
4.696328
3.996255
4.245637
4.188544
5.817092
4.9908
3.80694
3.545538
4.092395
4.81953
2.463853
2.824411
5.684878
4.092398
5.342344
4.894653
6.35192
5.453513
8.022532
4.612204
5.420466
3.203013
2.971637
4.855587
3.479434
2.863474
5.195119
5.390432
4.870604
8.043551
4.783472
4.657265
2.593062
3.969208
3.665729
4.362822
7.749103
4.621217
5.216153
5.123003
5.552678
4.945732
4.221596
4.437943
4.687327
4.489013
5.67286
3.64169
3.668734
4.203571
4.161495
5.435493
5.056901
4.413889
4.669302
4.750415
4.504049
5.318308
5.032858
6.363939
6.18066
5.87718
4.990796
3.915118
5.276245
2.890517
4.711354
2.755303
3.428351
5.291261
4.762442
4.501031
3.740843
4.621225
5.666852
4.912672
4.389864
3.272111
4.353801
7.142163
4.005255
4.675306
3.951163
5.150034
5.750978
4.353799
4.708356
4.699345
4.726388
4.317756
4.308734
5.790038
21.40841
4.618213
5.4445
5.008821
5.537646
4.278683
4.290701
5.282261
4.2216
4.888638
5.384409
5.008824
3.641699
4.759437
4.870621
3.575593
5.919254
4.783477
2.701225
5.005811
4.669289
4.308742
8.08863
7.4246
4.747413
4.032304
3.62366
6.21071
5.778028
4.936708
5.759988
8.509287
4.507041
4.771454
4.029304
4.371838
5.808077
6.291822
5.877174
4.765454
4.489021
4.233621
4.467981
4.858586
5.08094
4.104402
4.14047
4.684319
4.110427
3.016721
5.017841
4.185544
4.16451
4.99681
4.747427
4.410889
4.85858
4.377842
6.811641
3.864037
5.552681
9.104207
3.593622
4.383856
3.452397
4.60019
4.37484
5.246205
3.16395
4.492016
4.185539
4.744413
6.559245
9.428726
5.525625
9.53388
20.47696
5.919241
13.74946
5.011828
6.427039
5.4475
4.203557
2.52996
3.909109
4.014276
3.89108
3.752873
5.141036
5.086942
5.618777
4.948735
4.341793
5.005821
4.636247
5.216142
4.33578
4.239621
4.708361
4.449956
4.663281
3.527517
3.864039
5.110982
5.796053
4.546104
6.063465
4.443945
4.56413
3.821977
7.244317
4.732398
4.395871
5.56769
4.882628
4.272681
4.413892
2.644147
2.962629
10.16487
5.390422
8.271911
4.344797
4.879625
4.416904
3.025728
4.69934
4.335774
4.477004
3.371267
2.980656
3.713803
2.905545
4.972774
7.968445
5.02685
4.464984
4.753425
4.645253
4.621218
4.437937
3.3292
3.773897
4.537092
3.689765
4.570152
3.864045
3.963193
5.062905
7.253329
4.245635
5.068917
4.173524
18.13931
6.955865
5.420471
4.786476
5.820094
2.629111
5.038869
5.835118
4.519064
4.930695
3.449394
5.089945
6.024409
3.725818
5.08995
4.380845
10.04769
3.091841
4.386857
4.473988
4.948741
3.722821
3.082817
5.88319
3.918116
5.52563
3.404311
4.392859
4.903659
4.086385
5.104975
4.834558
4.537085
6.547227
3.978209
5.450517
5.823102
5.07492
4.501034
4.155494
5.306284
5.300284
4.969758
5.107973
4.957746
4.921684
4.642253
4.35681
5.414458
4.233612
4.810514
3.770894
8.202811
5.050887
2.890509
5.249195
4.254642
7.926378
4.762441
3.894099
4.636242
4.020278
4.588174
4.467975
4.618206
4.008265
4.011275
4.612211
4.519059
4.852573
3.479438
3.437376
5.645817
3.281122
4.21257
3.479446
7.881306
4.909674
510.7823
22.82962
24.51225
17.85987
15.9549
17.02157
17.2349
16.56787
38.8897
15.45011
15.97894
16.66702
15.58233
16.83527
16.23433
16.92843
16.82326
16.54984
15.74157
17.59546
15.35697
14.26927
14.55171
19.12185
13.71341
16.63998
16.56185
12.71285
14.49763
16.02402
15.57331
14.71998
14.55172
14.35341
13.01331
13.67134
12.68279
15.16768
12.6167
12.39735
10.46234
10.09877
10.72374
14.89725
10.71773
7.950421
12.19604
9.765247
9.338578
8.259897
8.130696
6.766568
6.982903
5.123004
5.636805
3.921128
4.182534
4.194547
4.606203
4.519068
4.828531
3.891084
4.035304
3.431365
4.278687
4.6122
4.672301
4.78047
3.972212
4.311749
3.386298
5.234185
4.341785
4.762435
4.633233
7.382529
311.8295
17.35809
15.86777
16.652
16.63096
27.11132
16.50176
15.92185
15.36298
16.91641
13.39191
16.81124
16.91942
14.16712
14.50665
13.62628
16.05707
13.92073
16.54383
13.9057
16.67602
17.1027
13.73744
15.8317
15.15265
14.44956
15.62439
22.25273
13.04337
14.89126
14.45857
13.86665
15.61538
17.1027
13.41895
17.27396
13.12448
11.67022
11.97069
11.7814
10.35416
10.48337
10.78384
10.32112
10.4353
9.317553
10.27003
9.422714
6.375957
9.491817
7.382534
6.634363
10.20394
4.942716
4.380842
5.880182
4.594176
4.879632
4.311737
4.624228
5.45652
3.993238
3.927142
3.470435
4.353805
5.327321
4.074373
3.091835
4.227599
5.110991
4.507043
4.966764
4.374837
4.413898
4.014283
5.726952
9.524878
451.2538
19.17593
18.72823
23.17216
23.05199
16.37556
14.50364
20.24861
14.43453
16.15923
15.66045
16.1412
14.69595
22.89573
22.82663
19.32617
14.37744
14.62082
15.1887
16.41162
17.15077
18.43378
18.53594
16.11115
16.30946
14.6719
19.29612
18.01612
16.25237
18.55096
15.6304
15.27585
15.46214
14.14007
13.16055
14.2212
12.36129
13.40393
11.93163
12.99529
14.18515
11.0783
9.78628
9.209386
9.651073
9.395671
9.846371
8.749663
8.563374
8.383095
6.799622
6.892761
7.238299
4.66929
3.761882
4.290699
4.732393
5.101963
4.050328
4.338782
4.540092
4.365826
4.185546
4.041317
4.504034
5.949286
4.227602
6.436053
3.839995
4.972773
4.458967
2.656154
5.083942
4.185546
6.718487
3.725819
377.9657
15.43809
16.44767
15.60035
14.62984
13.65631
16.36955
14.44355
16.73012
15.4411
15.93388
13.68336
13.81557
13.50909
17.84486
15.94589
16.28242
16.64297
16.97049
18.02213
15.20673
16.63397
16.73012
14.81914
14.72298
15.35998
14.9273
15.54026
14.38947
14.31134
13.47604
13.61726
13.60825
13.41895
13.452
14.095
9.978584
9.338581
11.04826
11.16543
9.236423
8.884881
8.713607
8.524306
11.2796
18.70719
7.094081
18.60804
5.693891
7.469666
6.360936
4.777465
4.449962
5.255202
5.318301
4.04432
4.272679
4.627234
4.182539
3.957184
4.437932
4.642266
4.75343
3.794929
3.557558
3.338221
5.276238
2.905541
4.20657
2.821403
4.531085
3.834004
6.724499
4.648261
420.2387
18.91452
16.89236
14.65387
17.62852
16.47172
17.48429
16.36656
16.16223
16.92542
16.15922
15.81669
16.3305
27.76633
16.05406
17.70364
18.28955
15.80167
17.03358
16.98852
16.04204
20.70833
20.44691
14.35942
14.59979
15.22778
14.70195
16.8473
13.10646
17.01255
22.75452
18.62006
13.31078
14.20317
19.88805
13.26571
11.76336
13.92674
11.98871
11.67924
11.35773
9.569944
12.18403
10.13782
9.819342
9.828353
9.065151
13.55116
8.139709
6.781584
6.499154
7.049011
6.865727
5.943282
6.372953
5.24619
4.999816
5.086942
4.005254
5.059903
5.841112
4.870614
3.163948
3.704787
8.485253
4.618212
4.146477
3.299159
8.641493
4.353811
4.194558
6.003384
5.784032
2.785358
4.486001
6.895761
5.91023
342.8619
23.98343
26.61855
23.03395
18.40974
18.46682
15.99697
16.47472
17.07264
15.68449
14.41951
17.98608
17.3611
15.94589
18.55095
18.17837
16.04205
16.04203
15.15867
23.87827
16.17726
16.49575
16.70307
17.03659
16.13218
12.82702
16.3365
12.83303
12.65274
12.6167
11.88956
12.72186
13.98083
13.31378
39.90228
10.85895
12.34628
9.705156
10.3752
9.305532
9.350604
9.458776
7.800175
9.266471
10.07773
10.22196
9.155296
8.52432
9.350596
5.486562
5.537657
4.248646
5.228172
3.755879
4.564134
3.281139
4.110429
4.260657
4.606202
3.89709
4.32375
4.693332
4.377846
5.423468
4.200556
4.45898
4.017278
4.446947
3.894088
3.22704
4.419909
4.158504
15.42308
5.297281
361.8246
18.18439
23.56879
15.92787
17.32204
16.15021
18.71622
25.36559
15.67847
14.05294
15.22777
17.05162
18.0612
15.68748
14.01387
19.12185
17.58345
19.77086
14.78007
14.75303
14.07998
16.018
20.8225
13.53614
16.42965
15.45613
17.06964
16.87433
15.72655
15.19772
15.17368
12.84505
14.9243
15.77463
11.85951
12.93519
10.93707
11.15642
12.19004
10.47435
11.19246
11.06928
10.62759
10.96713
9.236417
12.73088
9.554923
10.45031
8.656513
6.264783
6.237742
6.360937
4.492009
4.002254
3.84902
3.230054
3.903096
3.933148
3.248084
3.927135
3.097843
2.65315
3.106865
2.656144
3.98123
2.629114
4.774457
3.47644
3.864046
3.924136
4.017285
3.455411
19.50043
4.651264
381.1628
17.62551
15.4381
15.16468
19.54551
16.56486
18.37968
16.12919
16.18928
18.95359
17.73969
16.72411
17.30402
19.05575
14.26027
17.63452
14.49764
16.07809
14.31435
16.37857
14.54871
14.84918
16.50176
14.83116
28.58661
16.40561
16.83829
15.19772
16.73313
13.94777
17.20786
15.81969
17.27095
15.63641
17.28298
14.33538
16.45068
16.49875
13.29275
13.94777
14.84317
26.4593
15.49819
19.04673
15.60035
16.16824
16.26139
16.12317
17.49331
16.18627
17.47228
14.27829
14.77407
16.4597
14.04393
16.26438
14.05294
14.48561
16.00299
15.68448
15.12861
16.13519
15.41406
15.38402
13.33782
15.28787
15.4381
14.8011
16.04504
14.14608
13.86965
15.83171
16.63396
6.03042
5.41145
358.0746
18.07622
25.6901
16.38758
17.35209
16.93443
17.07565
16.13519
13.49106
16.59491
18.18438
16.03604
15.97594
15.70552
16.5889
16.33951
15.4381
18.87547
17.29199
17.7487
16.37256
16.73913
17.32805
17.7517
18.35565
16.75716
19.69875
16.95847
19.51246
18.80334
18.87847
19.87001
17.6796
14.95434
15.96692
16.43566
16.7181
15.15566
17.39416
16.03904
15.55828
17.21988
16.76917
15.65443
15.72354
15.8888
20.55208
16.28241
16.23735
16.29745
14.11003
15.52523
17.39415
17.08468
17.11171
15.53425
16.16222
17.85987
17.28599
16.89838
19.70175
18.17837
16.3425
41.29946
16.3395
16.40862
17.37313
16.29744
15.59734
16.57388
15.60636
15.23378
16.82327
6.261776
5.095953
334.3587
17.98006
27.64014
16.85031
17.85987
17.24993
19.95114
15.56129
17.98005
16.18928
18.88147
18.31059
16.3996
15.57632
13.59923
13.65031
16.59191
31.41401
18.34663
18.56298
19.20898
16.08712
16.67302
14.04391
16.10213
27.59206
17.98608
17.7427
15.99097
16.26138
17.43321
16.18627
15.95791
17.53537
17.78176
15.9519
15.83472
17.50833
19.61462
17.95603
16.04505
12.77595
14.44956
17.93199
12.97425
12.77594
11.25858
12.39736
14.00185
14.06196
15.4471
12.48749
14.05894
15.44711
13.01331
14.62383
13.81558
18.21443
13.10646
14.11904
12.24412
12.20205
13.56317
25.46774
15.0535
14.42251
11.36975
11.36675
15.94889
13.15453
14.07397
13.3889
10.79586
10.91905
8.416137
4.861587
377.8936
18.83339
18.92954
17.97707
16.52279
19.18495
16.71208
16.03002
17.20786
14.38345
15.72054
16.70007
16.50778
16.26138
17.85388
24.52427
17.71264
16.58289
16.96447
16.82327
17.01856
16.76617
16.70007
16.23734
16.65801
15.62739
16.69706
17.32504
16.54984
17.64054
17.18683
21.5857
17.24692
16.32449
15.76261
15.44411
15.47717
18.01912
18.03416
16.2103
17.57142
11.09331
9.287499
132.5699
14.51566
23.43657
13.02833
13.02835
13.07341
14.8582
13.07341
16.29444
13.38289
14.42852
14.36843
18.17537
14.07096
11.93764
13.04637
13.03134
17.91997
12.33125
12.22609
11.60712
13.49407
12.07886
11.03623
11.04525
9.639056
10.73876
11.87154
13.22065
11.73933
11.59511
11.13238
11.32768
7.064023
5.246187
346.9603
18.08222
19.83996
16.91641
18.04918
16.9765
17.97705
24.7917
15.58834
17.26795
18.81838
16.94045
17.40917
16.21331
17.38213
16.91641
15.98195
16.41462
16.22834
19.43734
14.63885
16.82026
15.37801
16.76618
17.34607
15.77462
16.56786
16.72109
17.10269
19.03471
17.05763
15.07453
15.79866
16.02703
16.44467
15.81369
15.1136
17.79077
16.09312
16.49875
15.73557
16.70908
16.012
17.20184
31.83468
16.63997
15.94889
15.97593
16.0811
14.61481
17.00054
15.81668
16.18025
18.15734
16.655
23.67094
17.76974
15.77162
17.09068
17.48128
16.25537
15.80167
17.6796
17.67659
19.58758
18.21142
13.85763
15.20073
16.62796
17.98908
16.66101
16.73312
13.32881
14.6058
4.846576
374.0988
26.51939
19.84899
18.14532
21.0118
16.21932
17.13574
17.3671
16.36354
16.07208
16.66702
17.66157
16.29443
16.34252
15.48918
15.16768
16.85931
16.70908
35.86697
16.81424
16.24636
16.89537
17.62852
16.96749
17.86588
15.13763
15.94589
15.87378
15.75359
16.23133
17.05763
17.26795
15.66945
16.03303
16.81124
17.15979
16.37856
16.81725
15.34496
15.93387
17.59547
16.5979
22.2918
17.50833
16.23134
16.31246
16.012
16.12016
17.7487
16.05405
15.57631
17.62251
14.48862
15.44411
14.60581
19.28109
20.19152
14.4105
16.7902
15.9489
16.03003
16.18927
14.87924
16.36956
16.63697
16.71509
15.23678
17.00956
17.00054
16.81424
17.43921
14.01087
16.11716
18.54494
7.698022
344.1211
16.72411
20.52204
20.71433
17.46026
16.80523
17.83284
15.26983
15.9429
16.50776
15.59435
17.11472
25.49479
37.73289
19.38025
15.99997
15.372
16.15622
15.96693
16.38457
18.3827
16.34551
16.49574
17.50232
16.68204
18.43977
17.41819
30.03488
22.11451
14.50664
16.66101
14.93631
21.62476
15.25181
19.77386
16.47773
39.62283
15.45011
15.17669
20.42889
14.91828
18.75227
17.39416
16.91641
13.71942
16.69406
17.4212
16.47171
15.54326
17.0366
16.25237
16.99152
18.16636
16.01199
15.39303
16.49575
16.05104
16.62194
15.15266
15.87377
16.86532
15.84974
17.09067
16.85932
15.94288
16.5318
20.5641
16.41763
16.06608
14.76204
15.36899
15.38102
16.57087
11.51097
468.7346
17.5504
22.69442
17.67959
16.24636
16.56786
16.57388
14.30834
14.2843
17.35509
16.75414
15.91284
40.18773
14.69293
14.17613
13.76149
13.98384
14.0259
16.3996
15.33594
16.02402
15.42308
23.3194
17.82984
13.65331
12.64674
14.38645
11.67322
14.04993
13.19359
11.08732
11.00919
11.29463
7.770135
10.19191
7.487697
9.705153
38.15651
13.09744
12.49351
12.21407
16.21931
12.82703
13.21764
11.79943
12.2321
11.3337
13.65031
11.31266
12.50251
15.08054
13.23265
13.23265
13.23265
13.23265
13.23265
13.23265
13.23265
13.23265
13.23265
13.23265
13.23265
13.23265
13.23265
13.23265
13.23265
13.23265
13.23265
13.23265
13.23265
13.23265
13.23265
13.23265
7.514725
4.437933
352.5823
19.69575
16.53481
16.26439
17.37913
16.51378
16.69105
17.87189
21.95827
18.10626
17.39416
17.41518
17.70665
16.91641
16.62796
16.42965
16.48373
15.72655
16.42964
16.84129
17.37912
21.3964
18.15133
16.69405
18.44579
15.71453
14.83716
13.61726
17.70664
17.31603
17.77274
15.36899
16.86232
13.9658
14.83717
16.30947
15.39003
17.37312
16.18626
15.59433
16.49274
16.76317
13.71642
19.11284
15.98495
16.69706
19.44034
21.4625
16.90439
15.32092
13.36487
14.0289
17.17781
15.45313
15.70551
13.74345
16.38759
22.69442
16.12016
16.41162
16.10213
19.31415
17.44524
23.16015
15.83772
15.19172
16.75415
17.32805
18.54194
17.99208
15.33594
18.8364
16.63397
6.73652
4.708362
347.8109
15.43209
17.0456
16.06908
24.89686
18.36767
18.01011
16.79021
15.80167
20.15246
16.99153
16.47172
16.76618
16.51679
15.75059
15.93688
17.91697
19.08278
16.85932
16.09013
18.86946
16.77819
16.2674
26.40221
16.47171
17.78776
17.12974
15.99396
16.18627
16.35753
16.4627
15.05951
15.85274
16.84129
17.4873
21.21011
16.92542
26.46531
15.03247
16.33952
15.79565
17.39716
16.02401
16.50175
16.65199
17.25594
15.69951
15.96392
17.17482
15.72354
16.73312
20.12241
17.22288
16.19528
14.98739
18.21743
27.95564
16.55886
17.98907
18.39471
18.47584
19.23903
18.41575
17.49631
17.46026
4.603206
5.693893
5.573709
4.756434
5.219151
4.858591
5.228163
5.294275
6.012389
5.699902
384.1876
21.61874
16.10213
15.70851
15.12561
17.39115
17.21086
17.8178
24.57535
15.40505
15.8197
15.5673
17.40017
18.01612
18.18138
15.87378
17.82082
16.74513
15.81969
14.75604
17.84786
16.75715
18.20542
18.18138
20.90062
18.45781
20.4379
17.05462
16.09612
20.14945
17.7397
16.03002
14.82214
16.31547
19.96916
18.82138
16.23134
15.79866
17.64955
15.76561
15.87378
17.99809
16.89837
18.12428
17.20486
16.96148
15.15566
29.56914
17.26195
17.82984
22.58024
15.60636
17.04861
16.16523
22.03941
15.1136
16.37255
21.18606
16.19528
17.56542
17.1027
16.08111
23.47565
15.56729
17.5534
16.82927
16.07208
16.70007
19.29912
18.11829
15.80167
19.7258
14.29632
5.603741
4.443953
436.6919
32.04201
17.25894
16.81124
18.28654
16.75415
17.81181
17.70363
18.72824
16.1412
16.80523
19.5996
17.40917
14.04693
18.59903
16.66101
18.45481
19.36824
17.02758
17.76373
16.56786
16.28542
14.98439
15.94289
17.72167
15.81369
18.84842
16.0841
16.17725
16.09312
16.72111
17.56241
16.39359
18.16936
17.06363
15.72054
16.41462
17.21687
15.33294
15.94589
15.93688
16.96449
16.92241
16.3365
17.00655
19.15189
18.16035
16.47471
18.91753
17.17182
19.23903
18.74326
17.63152
18.68016
23.10006
17.65556
18.30457
17.87189
18.37368
19.58157
6.130003
3.551552
8.824773
5.258224
5.041873
3.59963
4.002248
4.897649
5.525634
5.216143
4.209572
4.717371
3.269117
7.45464
5.654833
447.4789
34.83637
14.9934
23.97743
55.65886
15.1857
29.9207
16.35454
16.73312
41.20631
47.28178
16.81424
16.98251
15.93087
19.11885
17.21987
17.13275
18.72823
14.78909
18.08522
22.65536
17.45424
14.28429
18.24448
17.06364
17.7457
44.03372
23.87827
17.77274
16.76317
18.73425
18.04316
17.37612
20.07734
13.8396
14.13707
12.92919
10.53745
9.855381
9.578959
10.249
9.602984
12.08187
10.81989
13.85763
14.26026
11.61013
12.90815
14.80411
13.19961
11.53501
16.88035
11.21952
14.24524
16.49875
15.26083
15.34796
15.56431
26.45027
15.50421
13.70139
14.1581
15.39604
16.11415
13.77651
16.02401
18.39471
17.65857
16.58588
16.658
19.05575
16.02101
14.04692
7.274366
6.787595
360.2502
19.42533
17.55039
17.44223
19.78888
16.08411
17.34306
21.85312
17.90796
18.9656
18.75527
17.26495
17.28298
17.66457
16.25237
17.13275
16.1442
16.51978
17.88993
19.23302
18.75527
16.78721
17.18383
17.83885
17.92899
16.25837
15.39003
13.01933
24.93892
15.75059
15.372
14.65989
14.16111
13.9628
14.30834
16.04203
15.95791
16.12617
17.88391
15.26684
16.31847
14.36543
15.64843
16.47472
14.33537
13.63228
14.59378
14.81613
33.06665
9.822327
9.990589
7.184214
7.079054
6.102534
6.306849
5.92225
6.072484
6.249768
4.570145
6.285821
5.249199
6.009383
6.102535
6.424044
5.73896
5.282243
11.74534
4.10742
6.246762
4.909679
5.144035
8.584409
4.570147
347.2639
22.1626
21.10193
16.28541
17.69462
27.0332
16.64599
17.09668
17.21687
17.69462
16.38757
17.58945
18.44579
18.03114
17.298
18.75829
16.04204
28.04877
19.10081
13.87265
15.71453
14.92429
17.02457
15.25782
15.85575
18.0702
20.77743
17.00655
16.57087
17.02457
17.77574
24.0916
16.13819
18.37068
16.53782
15.73556
16.57388
16.13519
18.29857
16.45669
17.32504
16.83528
19.35021
15.18571
16.21631
15.93687
15.52824
16.43265
26.17085
16.47171
15.77763
17.7487
15.79265
15.52223
16.17124
13.28073
16.01199
15.45313
17.08167
17.48429
17.23792
16.43866
15.48316
14.48561
13.74645
14.32337
14.08298
13.09144
11.38478
16.31847
14.12805
12.29219
11.41181
15.90983
5.438502
412.7089
19.2811
23.67095
19.82495
19.54851
17.52936
16.85631
16.79622
16.17425
14.96637
14.62684
13.66834
15.14665
15.21275
16.4627
13.8396
13.59022
14.53969
15.8287
16.36956
14.72899
15.90082
15.2458
15.86476
17.74269
17.61049
14.5397
16.18628
15.27585
14.26026
15.49218
14.78007
16.69406
16.24035
17.75471
19.65068
13.40092
11.68524
14.4075
13.56618
13.76749
12.78497
13.50007
26.55244
17.68861
24.63845
16.34552
17.22589
17.50232
17.43922
15.25782
15.14965
14.78608
14.26927
13.75548
14.32337
12.88712
13.03435
15.50121
16.75716
15.77163
15.42007
16.63096
14.3474
35.879
17.31002
15.13463
16.87434
18.28957
18.77931
19.37424
18.02514
17.53538
17.2349
6.817645
4.116436
380.4658
31.72953
17.43322
17.6135
21.57969
19.55754
18.76129
14.27828
17.1688
37.39636
17.23791
16.16223
17.88392
20.09236
15.66946
15.72655
17.43322
18.24749
17.84186
16.93743
17.25895
18.39171
17.04561
16.55585
16.62496
16.62495
14.59979
16.93743
17.19885
19.22701
17.18683
17.08467
17.30402
15.72955
18.36767
17.15979
20.04729
20.30569
15.81669
14.97838
18.01011
15.18271
11.85651
11.18647
12.59867
13.73144
10.76881
13.58421
21.67283
11.74833
11.88656
11.62514
10.11079
13.99585
10.49238
13.36185
11.84449
11.0152
13.59923
12.09688
16.01801
13.27773
12.33126
12.37331
11.74233
13.35584
9.987591
11.9857
11.19548
12.16598
12.4935
11.45388
15.80166
6.517171
4.455953
333.151
19.16391
18.18739
16.22232
18.25649
17.26194
16.55885
15.75961
16.82927
18.10326
18.56597
16.00899
18.41273
16.94044
16.48974
18.28354
18.0582
20.6272
15.69349
17.00054
18.12729
17.00053
17.20486
19.6056
18.27151
18.9055
16.85932
16.56787
16.82927
21.17405
18.56898
17.12373
16.65801
17.4903
15.74157
15.08354
13.50008
13.46702
13.82759
13.93877
13.02834
11.42684
12.2922
13.10646
13.22064
14.22721
36.67227
7.367509
8.953979
6.685441
5.949296
7.938391
5.110982
6.763563
6.99793
7.094086
8.24789
7.502716
7.05202
7.112105
7.379522
6.640363
6.436056
5.919248
7.145163
6.727504
7.361489
7.734077
6.865722
7.667974
7.604867
7.16319
16.55584
4.591168
406.9702
17.82984
17.58344
15.28185
16.21631
19.88804
17.69763
15.29088
17.2319
17.21388
15.57331
15.75059
16.64599
17.55341
16.17425
14.65989
16.31847
16.66101
14.67791
17.65856
18.11828
18.33161
16.18025
16.06909
16.09913
16.51377
14.89725
20.20353
15.74758
16.49274
18.67115
21.98831
20.01724
18.65311
17.59546
16.97049
17.07566
15.26683
17.85687
16.53781
15.22476
16.37557
17.06364
11.45388
11.14139
12.89613
10.81688
9.933516
10.6336
10.27003
10.26102
10.0597
10.3662
10.6306
8.127687
13.78251
9.179331
10.23999
8.617459
8.824781
12.37632
10.73577
10.63661
9.627032
12.175
10.76582
15.56129
12.19604
10.14684
13.18758
10.38722
11.39679
10.07774
7.358484
4.711363
420.6985
20.1104
16.79622
21.37536
17.18083
19.37425
21.55865
19.29912
16.92843
16.9104
19.23302
16.18326
19.84898
14.84017
17.8809
16.30345
20.30268
17.93799
17.58044
17.71265
16.28542
16.09313
18.1363
19.43734
15.0565
17.18983
16.06909
14.23622
14.61481
13.15754
11.93763
11.68524
13.35886
13.1275
12.92918
14.07998
15.16767
16.18927
15.54327
16.5258
17.19284
19.64166
16.9765
16.3966
14.17913
18.50287
20.10138
19.75282
17.00053
16.13818
14.94534
16.80223
14.98139
16.8503
15.66645
14.31436
15.05651
14.45857
12.83605
15.14063
14.91228
18.9566
18.83039
15.30589
16.21932
14.13706
15.64542
15.46514
15.8197
15.29387
14.83116
14.76506
15.1196
13.19059
5.384414
468.2688
19.82494
26.23996
20.87057
19.73782
14.64786
26.28803
29.7224
16.15022
14.81613
14.82815
16.06608
15.63941
15.70852
14.33838
14.45556
15.26082
13.77951
23.78213
19.47339
16.43565
17.43922
15.90983
15.82569
13.99284
14.13707
14.1551
11.76938
15.1797
12.48148
14.96036
15.86777
12.58364
15.28486
52.12534
20.07434
19.5365
18.77329
18.08523
17.6165
17.32204
17.54738
16.00298
16.90439
19.23903
19.32317
16.69406
16.05105
18.36166
16.85331
15.63041
18.3917
17.13874
16.24936
16.67904
15.11058
14.65088
16.53781
14.20618
15.20674
16.16824
18.45181
16.13218
17.30101
18.0642
15.02646
14.55472
12.55961
15.29987
17.98909
13.63829
12.28618
14.51867
8.058577
3.936153
387.8452
20.66927
20.62118
16.66401
17.88692
16.81425
17.26795
17.15978
17.04861
18.08823
16.11716
18.92954
16.75115
17.11471
17.12673
16.7782
17.08466
18.44881
14.10703
16.70007
14.43453
17.19885
19.04973
17.00956
16.8443
21.36935
22.80859
23.92034
17.86889
15.12862
16.2734
14.12505
14.738
16.18927
17.00655
15.29988
15.62139
16.63095
16.74214
14.09201
18.05818
20.33274
15.53125
14.80412
16.65199
15.28787
17.14175
16.75115
14.57876
17.02157
18.49087
21.22513
16.30645
18.2565
30.20614
16.08711
13.55716
14.77406
11.80544
11.38177
12.24412
11.2766
35.96012
13.05539
13.75247
12.57764
50.03107
19.38326
20.08335
14.99041
18.04617
19.84898
16.72411
6.054451
4.843571
191.0401
8.752666
8.800745
20.06833
9.68713
7.866286
8.908917
7.04601
8.289948
7.749103
9.353607
6.898786
7.935393
6.868731
8.277926
7.271361
7.082063
7.992473
6.096523
9.059151
6.210702
7.535776
7.397553
8.341027
7.541773
8.259888
8.76469
6.048437
9.020085
8.602434
7.839237
5.934264
8.316982
8.100649
7.046007
8.443187
8.929937
7.049014
8.689567
6.928823
6.787593
6.430037
7.30741
7.881298
5.612761
8.115676
6.294833
7.121115
6.448073
7.442628
4.912681
3.785927
3.100855
4.149482
5.207146
2.547976
4.134467
4.119439
2.508924
4.909673
3.542537
4.609192
2.860476
5.477548
4.852588
3.455404
3.518504
4.99681
3.404321
4.161503
3.770891
3.458406
4.161502
3.779913
12.85106
4.582151
434.7454
19.65067
25.51583
18.07321
21.70588
19.14889
22.61329
20.29968
26.7868
20.73537
18.76129
50.52686
19.13386
22.33987
55.38543
17.13575
16.2073
18.72223
15.45312
15.84072
17.32805
17.65256
16.28542
16.55584
16.67603
17.91396
15.26983
16.89538
19.51546
17.62851
16.12016
19.3532
14.55472
16.60091
19.67471
15.66947
16.9134
16.67302
16.93443
16.97651
17.74569
16.4687
17.69463
18.63509
15.78063
19.90307
16.94645
19.03471
19.14288
16.22833
23.15114
16.17726
13.97181
20.61217
16.80824
15.09857
16.13218
18.47584
15.71153
15.80166
16.82327
18.26852
22.37292
22.55621
17.18982
19.82495
15.16168
15.33894
16.18327
16.15922
16.7181
20.29968
16.04805
11.38177
4.314748
456.4062
19.59058
19.02871
21.28522
17.27997
18.08223
16.95548
17.49932
19.3502
20.6302
17.96204
16.77518
17.74571
16.2704
17.52035
17.67058
15.84072
17.36711
18.92054
16.20729
17.85688
23.30438
21.80203
25.68408
17.73669
19.07076
17.16579
22.53218
16.47472
16.61894
14.74401
13.41594
11.49294
12.2381
12.45745
12.80299
32.49571
14.68993
44.78787
18.49386
17.92898
19.93913
20.65424
17.86288
20.91264
21.56166
17.91096
18.27152
18.11829
16.74515
16.84129
16.47772
16.49274
13.61125
14.88825
15.25181
13.55716
15.46213
16.76617
18.08223
14.76805
15.29988
17.17781
42.12574
16.2163
14.78308
15.90081
15.81368
17.0426
15.60036
13.77049
16.36655
10.249
5.303291
361.8846
18.28955
20.22457
59.02711
18.49989
17.93499
20.12241
19.13387
17.33706
17.95303
20.03528
17.53537
17.60147
18.12129
21.25518
20.71133
17.18683
19.24504
23.24128
18.69818
14.24223
19.56954
17.07264
15.07154
13.47004
12.92918
16.24636
14.56374
15.43208
12.89614
14.18215
11.87454
15.45914
15.52522
18.46383
18.81236
18.35265
19.45537
17.53238
17.53237
18.05217
26.23394
19.94213
19.44034
18.22945
29.48201
18.21744
24.14569
18.00711
17.58945
16.13518
16.93143
23.09705
15.47417
16.75115
41.66903
14.80711
16.74212
16.03603
14.6088
14.91229
14.59679
17.38213
15.26083
14.35942
16.16223
15.35698
15.74758
18.1964
15.29988
14.20317
13.95379
14.56373
14.88824
11.56805
5.904229
444.5528
20.43189
27.67921
17.6856
15.70551
20.80748
16.28242
19.858
18.49386
52.41379
17.53237
16.06006
20.60917
15.52823
17.76973
18.9626
20.28767
22.04541
18.77331
21.00879
19.86399
18.98965
25.03508
19.6717
21.36935
18.36767
15.90983
15.79866
14.77707
13.02233
12.11191
11.56506
11.23154
12.40036
12.11491
11.19849
43.76935
18.37968
19.94213
21.04185
18.37669
16.62195
17.2379
17.26795
18.27452
15.79867
19.08279
17.98006
19.29011
19.84599
17.0456
23.74005
17.0306
18.33762
16.96448
15.53124
15.23077
15.46514
17.12073
14.96337
16.25537
43.6341
36.78942
14.70495
34.52087
13.81557
16.29744
14.55772
16.75717
15.89481
14.6689
45.33174
48.10507
6.95586
3.620664
415.194
19.12185
23.87827
44.0217
18.70721
18.89049
45.85757
16.89538
47.71146
16.57987
17.12073
13.97482
17.36411
18.03716
21.54363
18.69218
18.95358
18.03115
17.2349
18.80635
27.1053
18.07021
17.61349
20.46494
16.58289
22.19864
15.11961
14.9934
14.98139
13.22365
13.99585
14.11002
13.89969
12.818
12.52655
14.1581
39.34634
18.1964
19.38626
17.50833
18.03115
17.33106
17.71866
15.73556
15.45913
13.91471
14.9874
17.75171
16.0781
17.15978
17.05162
16.13819
15.38401
16.7211
15.29689
16.30946
16.81123
15.8257
17.12372
17.04861
15.60035
16.12618
15.32092
39.56875
18.72222
15.05951
17.5504
17.95303
17.42119
37.79299
13.79453
18.2024
15.41528
12.79016
7.472768
593.1354
16.34298
15.42715
12.28092
12.09144
11.56247
11.26639
10.7532
11.89011
10.8598
10.82032
10.38608
10.27949
10.0979
12.35593
10.48871
9.442611
9.979488
13.07437
10.84795
11.14401
11.89011
10.9348
10.49662
11.07297
10.70979
10.35845
10.52425
11.19139
10.95849
12.26118
10.54005
11.14007
14.38892
13.90337
15.06791
11.67299
10.54004
9.592609
10.30712
9.659728
9.564988
8.893901
8.747846
8.57415
9.770255
7.66225
7.018801
6.020065
6.825366
5.305559
5.238446
5.202914
4.441044
4.148911
4.137076
4.452873
4.745001
4.338398
4.034436
4.843681
4.0897
4.579198
4.444973
4.354183
4.27128
5.404242
4.054166
4.527884
4.598932
4.780524
6.584565
7.153019
6.110857
21.54587
14.77974
1152.962
58.46362
57.11355
40.31266
37.2296
34.82552
39.07706
37.65199
36.21507
27.08828
33.51099
34.51762
34.39919
33.24254
25.71846
26.57905
26.8988
25.55661
25.54082
35.59136
33.18333
31.4385
29.04626
39.64946
35.46899
28.2607
40.09554
37.00853
44.29972
34.67947
42.91806
30.13186
37.24934
35.66242
29.09759
31.27666
39.90605
40.42319
43.31676
38.49283
37.19012
39.73632
31.60431
27.862
30.33318
24.63289
34.02417
25.64347
32.24381
32.52015
28.62784
28.43441
34.67552
30.01343
28.81338
29.62657
32.51225
26.75669
31.18981
38.32307
31.74248
27.24223
33.24256
30.28187
28.06333
31.23718
24.925
41.9351
26.98564
25.52504
31.41087
39.47577
31.02401
32.59515
29.40551
10.47736
3.157946
533.0887
21.60973
21.08391
24.40109
17.90495
19.13086
18.99866
24.6084
15.25181
19.70175
23.87226
16.36054
16.0841
18.3887
16.2073
17.20185
16.44167
16.08111
15.378
18.11529
16.88636
16.73011
17.09669
15.2458
17.78777
14.55472
16.62795
16.5318
13.22965
14.43153
12.8751
14.086
26.23996
14.69293
12.7459
21.11395
24.62945
46.41347
19.10082
16.75416
14.83114
14.22721
18.59302
17.37913
19.64166
40.19974
20.33274
16.91039
15.4351
24.12465
19.0918
17.20786
14.50965
15.31791
15.89782
15.27885
14.95435
14.04092
13.87867
14.59979
14.43154
14.94533
13.83059
13.69838
14.46458
14.31434
13.10646
14.66289
15.20374
13.46102
15.04449
13.61124
8.211813
4.621219
396.2704
20.28467
19.0948
14.87622
18.02814
15.36899
14.42852
18.98363
22.18963
16.78419
14.26927
17.14175
17.97706
18.14833
22.54419
15.75058
17.40316
18.33762
20.68729
25.29348
19.63565
16.16524
25.1192
15.73858
17.39115
18.43678
16.38158
17.81481
12.83304
12.95322
12.48148
12.90214
12.00975
12.30721
11.4058
10.19793
11.23454
11.83848
15.71754
15.12861
15.89481
15.94588
16.35453
14.63284
16.15021
15.45913
16.7121
32.76313
16.21631
15.85274
14.96337
16.24937
14.48261
13.10046
15.36899
21.18907
14.75604
17.13876
14.09199
14.83116
14.77708
19.60561
14.50965
16.68805
16.86232
16.71208
17.12673
16.11716
14.20317
12.13294
14.13407
14.01087
14.71998
10.43228
6.466101
114.2024
17.4933
19.32315
19.69575
17.53537
17.39715
15.86176
16.51978
17.51133
17.46025
25.96353
17.65556
15.4381
17.02758
16.92542
20.56711
16.48973
18.50288
19.29913
15.78063
16.93143
18.95659
13.68636
17.31002
15.20374
21.30625
17.62247
19.63866
21.00278
36.81045
15.79263
15.74759
15.95491
17.53538
16.09913
15.89181
13.14252
14.34139
13.3228
14.38946
13.14553
13.84261
14.49463
14.46158
20.70232
15.07753
19.13687
15.12261
16.44466
39.69194
16.36054
14.46157
15.378
14.82213
17.47227
18.3226
17.53236
19.45536
17.84785
17.20185
20.57011
18.40072
18.22645
16.30345
38.7725
13.37989
12.53856
14.01088
12.64073
13.24467
14.28731
13.79454
13.53313
12.77894
5.408454
506.3231
23.07001
18.97462
18.26251
20.71132
21.47452
17.76673
19.77387
18.49988
18.30457
19.24203
20.21857
16.24335
15.96091
20.8195
18.76128
16.4026
14.63585
17.21386
16.06608
15.80167
19.61462
16.56786
20.16748
17.21688
16.37856
18.06119
19.12184
17.11772
16.46571
16.00298
14.75003
16.91942
17.18983
14.6689
17.3581
18.91753
16.25838
16.81425
13.92974
35.28707
13.40993
14.90628
14.50364
40.20875
19.74683
13.26871
44.07879
18.24749
21.72091
20.96973
19.04371
15.66646
14.84618
17.59546
16.11716
15.32693
15.08655
16.68805
17.09369
16.06007
14.9243
14.78307
14.59378
15.83472
14.18516
15.63942
14.7921
15.73556
15.29387
14.93932
18.38871
18.68917
16.26138
13.78552
4.212585
398.3437
16.88636
20.05631
16.66401
15.14965
16.74813
18.13031
16.99753
16.9104
18.65311
15.8227
16.40862
18.8364
25.09819
16.69106
22.77254
20.20654
16.48373
18.92955
16.31847
17.63152
15.57932
17.32805
16.76917
18.22344
17.98306
18.9596
18.57199
18.80035
21.94326
15.73557
19.01368
16.04204
16.47772
18.18137
14.43754
14.18514
11.99773
13.22965
12.2351
11.1414
12.38233
14.13707
13.22665
13.56017
43.32162
19.97818
18.97162
17.00354
16.97951
17.40918
15.77161
15.96392
16.18927
15.59133
17.00655
15.66346
15.04749
16.00598
16.60391
15.80467
15.47114
15.76261
25.32052
17.81782
15.75358
14.52166
15.99397
18.82138
15.29988
15.15565
19.92711
20.19151
11.67623
5.056898
503.8322
19.32016
28.43638
16.42964
19.12485
17.935
17.45124
18.76128
16.61594
18.16636
15.90082
17.99508
15.99697
17.31302
16.55885
15.67546
15.99697
15.08054
16.61594
17.52936
17.37913
15.61537
18.7012
13.68637
15.76861
15.92486
17.18683
17.13574
16.90138
21.55564
17.90795
32.57984
15.50119
20.60616
17.53237
19.10382
18.16035
19.34119
15.95791
17.3581
15.4411
14.57575
15.70251
13.37689
12.91116
16.46871
13.7044
15.41707
48.25231
16.79922
16.7151
20.15545
16.77218
16.56486
15.89781
14.42852
17.25894
17.07566
16.60692
17.30101
16.96749
14.7981
14.90628
16.43866
17.17179
15.29088
13.55717
15.58533
14.58176
15.07453
13.74646
13.27471
54.74844
22.85367
19.87301
20.73236
20.1855
18.99867
19.20298
17.73668
18.97161
17.43622
17.97104
17.07265
19.91208
17.6886
19.42532
18.58701
17.25895
17.21087
21.79301
19.17593
18.86646
22.57424
19.04072
18.53594
21.31527
21.60372
31.38699
18.6471
22.78458
27.13235
20.74737
20.73536
20.2426
18.77931
20.16147
17.79677
18.31658
16.30647
18.28955
15.55228
16.89837
16.48973
31.8407
40.95691
20.39884
41.91241
16.0781
16.94044
17.57443
42.92499
19.32316
16.86233
20.23659
20.00523
13.26271
25.14625
16.67303
21.56767
18.575
18.75528
39.42152
15.87379
18.73425
18.9656
19.01368
50.21737
18.39171
20.23659
17.66157
16.97649
18.18438
17.58044
17.37612
15.83171
18.65613
18.74626
34.55693
21.06889
22.88371
18.20542
21.44747
17.58946
18.92353
18.40673
20.3117
18.55097
23.10305
18.6351
21.30926
21.86213
19.96918
20.1164
19.63265
15.64541
22.60128
19.7318
44.71878
18.56598
17.82682
19.10983
16.27641
18.83941
16.33651
15.65744
17.68261
18.54193
15.68148
18.41274
50.71914
21.99734
22.01236
19.43434
20.42889
17.83584
18.54795
19.70475
19.14288
21.75696
20.51303
21.19208
15.76562
21.59772
19.35021
21.82607
18.27754
49.97999
17.6255
20.36579
18.22345
17.92297
19.2751
17.50833
16.67302
20.39283
19.23002
19.71077
18.37969
17.89593
16.24035
39.76706
17.93498
19.46438
15.36298
16.55285
13.67435
16.63697
15.66045
14.67792
16.19829
18.55997
14.83115
15.97894
141.5718
34.45176
25.01104
21.77199
24.83375
52.97266
24.25986
22.27977
54.89867
23.91433
66.96251
23.04897
20.67527
25.32352
25.45273
24.12466
25.93347
21.28222
26.65159
22.20466
20.99075
19.83096
23.86626
22.72147
19.82794
21.2041
20.79546
23.1932
19.26007
20.02927
22.7395
17.66457
21.14099
26.8409
22.38794
46.37436
22.63133
23.87827
22.90776
20.52202
23.02194
22.28879
22.11452
19.83696
26.34813
21.57668
22.45705
22.86269
19.30213
28.20803
23.87526
21.47752
21.22213
19.96016
20.504
24.48522
21.55865
16.0841
17.28298
18.18137
16.30646
17.31303
20.62119
18.40974
19.04372
32.00595
21.82305
43.58302
30.53065
31.64539
23.52071
26.79281
28.29817
33.29496
62.63874
23.6469
102.2106
188.409
73.13412
27.01816
31.48314
27.7363
21.44448
28.34022
22.29179
43.80836
23.98343
23.28033
61.13641
23.29535
54.48402
29.12146
28.0638
24.4131
97.15961
21.70588
55.79708
47.32685
25.2424
22.46607
27.88953
26.97911
21.57969
20.66625
22.88673
23.87226
22.27376
22.93179
24.76165
19.76786
23.94137
23.44259
25.56991
23.89329
24.23283
56.56628
42.79278
22.63734
22.75151
20.57311
20.92767
35.77984
21.96428
21.66081
39.80613
25.81629
24.87582
49.01249
22.92277
22.41498
22.1025
23.31339
25.06512
23.26532
29.94173
28.23507
26.54944
29.01629
47.14957
20.07433
19.71077
20.90663
29.5962
16.63396
19.19697
17.59847
18.13029
19.41631
20.74437
18.59903
31.43205
104.4249
58.78974
24.56034
38.83257
37.44746
21.08691
17.8028
36.95768
28.75788
37.2341
20.27865
30.72297
52.96068
24.16672
25.33855
23.90531
26.95807
29.1545
21.3303
25.18531
20.7564
21.35733
24.37705
24.18474
25.3055
22.92879
23.51771
26.6606
22.92278
24.69554
26.27301
21.93724
25.45574
28.67677
27.79638
23.74006
25.20634
25.26945
25.95451
28.31319
25.16428
22.17761
24.34701
24.44916
21.57969
24.40709
23.19621
20.25161
24.39808
31.38098
21.54663
19.99621
24.16672
22.91978
21.43246
25.33554
24.20579
21.95527
24.30494
20.4439
22.21067
26.25799
22.73349
22.75752
21.24316
24.20878
22.41798
20.62119
21.99432
20.1164
21.12597
21.75696
22.56822
23.40353
23.5778
26.53742
77.17242
42.56742
41.03204
51.63857
21.02381
21.57969
29.73141
24.20878
22.24673
19.78288
31.53719
55.95032
25.36258
25.25742
22.96184
22.84466
26.9701
23.4546
27.72727
23.85723
24.81273
22.2347
29.41292
27.65516
21.89818
26.28202
27.6191
24.78568
24.43714
23.16917
26.09874
24.4101
24.12465
27.98868
23.77912
24.89986
25.59395
22.33686
26.05667
24.1577
21.144
24.15169
22.88371
22.33687
23.16616
19.83094
20.51002
23.0039
23.36146
47.58226
24.68654
20.40786
22.94982
23.3765
23.21724
22.89273
24.25085
22.04841
40.42509
25.78625
28.98023
23.18719
26.69666
25.02305
25.85235
28.64671
21.11095
26.35113
24.08559
24.47621
27.83244
23.85424
25.92146
25.20634
21.96428
141.3436
68.75331
51.29006
42.34806
31.62436
20.84954
30.3053
19.9932
28.53854
26.5284
32.97347
44.5475
21.39339
29.21459
24.45817
24.4131
22.43001
20.12843
21.49555
19.9872
20.32673
21.36035
19.90307
19.88803
18.68017
20.70231
20.53706
21.28222
22.01536
21.63977
21.0118
21.48353
21.36635
22.19565
26.3962
21.57667
23.68296
21.72691
24.90888
22.81461
25.73216
22.84466
25.03508
25.96953
51.82188
22.26776
18.42776
22.35189
23.15414
21.54062
14.34739
21.53762
20.05931
19.71678
18.50589
25.00202
19.58457
18.23245
20.08935
20.33274
19.45537
25.1763
24.01949
25.2394
20.71734
52.17643
25.21235
20.86157
27.20447
20.27565
19.82194
24.37103
21.5256
23.64991
103.8721
56.50921
21.19208
43.33965
18.75828
35.59656
11.43885
25.67208
25.17929
23.93236
15.92486
24.72859
14.68092
17.23189
18.50589
18.01312
18.07321
19.47641
24.0886
29.47299
23.35846
39.40049
32.42059
20.94569
35.39826
25.73516
22.28578
24.63245
18.56598
52.40779
21.90117
20.21856
20.94268
22.43001
20.51301
19.29912
19.23603
34.0191
15.30589
14.6719
18.06119
17.8118
15.96692
17.21988
13.76749
19.13688
17.0366
18.73726
22.76655
21.09893
21.06588
19.39527
19.48241
22.09649
18.95359
18.77931
20.21856
31.46209
19.30212
19.33518
22.43301
23.7611
22.39396
19.7318
19.04373
20.72035
22.30981
20.17349
20.56109
17.18082
15.98795
19.07078
25.77724
17.56241
19.39527
19.27808
19.79489
119.4544
73.74708
61.63816
19.27509
36.09532
18.86043
19.46739
27.18042
21.60071
33.65552
18.22044
16.25538
16.03603
25.84934
16.012
15.37801
16.43866
18.51189
18.07322
19.36223
16.93443
37.69083
53.37529
32.89234
19.97517
18.34964
16.97048
17.79979
20.51902
16.43266
17.38814
18.1934
17.7517
44.83297
19.0317
17.14776
18.79133
51.79784
14.63285
18.6441
18.52692
20.14645
22.25574
16.46871
49.16272
21.31827
20.80147
17.33405
20.06231
44.79691
16.66702
48.45663
39.23223
19.43734
15.88881
55.1721
16.94344
17.71265
15.0565
16.2704
18.33762
16.85331
19.96015
16.03603
18.79134
12.09689
14.32636
12.07284
13.58119
13.31379
21.05086
14.01989
17.84186
16.94646
17.73368
45.14545
132.2304
83.29606
51.74981
15.99397
40.14268
13.47907
13.68637
30.91228
37.73894
19.09784
32.54083
19.52749
46.06195
19.09181
26.67266
20.20357
25.27547
17.73371
17.09069
18.55398
85.65176
19.64468
34.23246
17.4182
16.12018
13.16957
12.51154
30.96034
11.52
22.36093
11.60113
13.20863
13.66835
17.67361
16.53483
15.48618
16.83229
14.84018
17.80881
15.40506
33.8088
14.14309
17.64957
17.06966
15.07455
19.02872
19.73483
17.76675
27.30364
25.98157
19.90609
22.38796
21.72993
28.03078
22.1536
22.18064
25.90946
30.70496
25.30552
36.23659
22.15361
25.76223
22.07547
24.7767
21.35435
21.04787
19.49145
19.62364
18.16337
17.49633
27.8655
15.89183
16.79323
20.6843
18.64112
96.06306
60.62269
49.73967
14.14911
34.95057
11.40581
18.98365
22.75755
45.20862
14.42854
27.13537
22.26177
16.78422
21.69689
16.93144
18.16938
43.50493
41.17328
21.5797
36.17652
24.27191
24.91491
26.93707
44.39731
23.23528
19.94516
25.35059
28.31021
26.07772
31.09256
19.74384
26.07471
19.00468
26.17087
26.06871
28.28016
20.90665
26.66964
30.5427
25.08318
25.71416
33.79377
26.85593
21.87116
25.76825
27.77236
21.02684
20.00223
22.64637
21.28524
19.42233
19.58759
24.19679
19.17595
16.10516
15.6845
17.286
15.23379
15.78365
18.86947
16.3275
14.88825
14.5938
17.72469
22.82064
16.74215
16.49277
19.32017
22.79961
19.62665
22.31585
26.5134
84.34472
45.03434
43.8234
17.22892
32.21631
13.01634
20.39285
17.56845
23.49368
19.02872
23.09406
23.21125
21.35735
24.03153
20.57614
23.86927
25.72016
23.89632
33.31903
25.46476
23.78216
55.10604
27.45988
35.44635
21.43848
31.02044
24.82777
26.19492
28.63772
23.68899
24.68054
30.14908
24.44918
28.41237
26.04468
25.33256
27.1474
18.00111
27.23152
27.04824
21.55567
25.59697
22.39096
21.79303
25.59998
20.57314
26.74778
25.87641
25.61501
28.10589
25.34157
23.74909
20.78045
25.51284
27.84149
22.43303
20.48299
23.23528
24.0165
25.68711
23.78815
22.95585
21.3784
20.81951
20.49801
27.13538
21.07191
22.37294
15.46516
29.14551
24.0105
27.18645
26.28505
19.90007
22.49012
19.15192
18.43679
81.14769
44.67679
48.84724
15.54028
36.60616
19.84299
19.62065
25.93951
23.48167
33.55641
13.37689
14.59681
16.58891
37.22511
22.20468
23.35548
18.23247
25.94852
24.60542
24.38608
19.88807
39.43354
20.57914
34.01613
21.04486
25.65105
27.54701
23.02496
25.50383
23.64993
18.28655
22.25275
23.41858
23.97745
27.30063
29.13349
22.56825
24.68355
29.0704
28.51753
24.86083
23.23829
21.84111
19.28712
23.046
25.49481
21.08694
25.56993
29.58119
22.00337
24.70758
19.13387
22.83867
20.98777
16.94947
20.08637
22.11454
26.71771
24.05857
22.70947
25.4257
20.67829
20.30571
27.00617
21.47755
19.13388
21.76899
17.07868
20.40486
21.04788
20.14947
17.58647
14.03492
14.53971
15.6875
20.14046
17.08169
17.64357
95.48007
56.37105
51.94212
11.57708
39.21124
19.04675
19.20599
24.70158
34.38268
30.63584
22.49313
19.39829
21.766
30.12805
22.7966
21.16205
23.61688
54.44501
26.20693
27.12637
35.17292
29.78852
51.09177
36.58813
31.10457
32.3395
24.1427
31.7025
29.95678
20.27867
23.66496
30.70796
32.20429
28.64073
28.78495
25.32655
31.89781
26.87097
32.652
27.79039
28.02777
30.62683
34.60204
22.83265
29.98984
24.99905
34.86945
23.45763
26.39321
34.47883
27.22552
20.66927
31.97593
37.94025
27.84448
25.18834
25.08618
30.53669
26.3812
23.79717
21.15003
28.24111
29.44299
21.29125
23.8242
25.18232
30.81913
20.53408
31.9489
32.47771
26.03566
31.27885
35.90907
25.6781
30.33537
67.7137
60.14788
54.92278
14.16713
31.94587
18.80937
17.51735
27.538
28.45144
17.68563
33.00956
17.76375
37.36335
23.99547
24.45219
20.28769
23.9444
21.97632
26.08975
19.74683
46.86414
28.93218
32.15924
27.4088
24.82476
29.35885
24.64749
27.75434
23.56281
32.67002
29.14551
37.81104
37.8471
31.69349
33.13874
30.67189
29.42795
27.0272
31.15564
25.84636
31.62439
31.45912
30.0289
24.28392
29.66833
25.57594
23.74608
30.72898
28.26814
26.11377
28.22607
26.1258
28.82702
33.64354
27.68523
25.52186
26.15885
24.68656
24.18777
27.69425
22.09651
24.97802
22.23472
18.96562
22.30984
24.15172
26.39622
25.2935
20.88562
23.53576
27.85651
23.86026
23.54476
28.93519
25.06514
23.92937
35.67471
28.02476
76.74884
58.43522
45.66233
18.45483
35.64165
12.54761
22.84168
21.07191
23.00393
18.43379
17.55041
18.86646
20.77144
40.38006
17.07867
26.20693
23.91735
21.0629
19.76186
35.45536
19.6507
43.05724
21.21914
35.07676
21.56767
21.35735
20.78947
28.53556
19.04975
20.15247
22.62533
24.28392
25.1583
27.7934
24.7767
24.48825
26.56749
20.28468
25.55191
17.71266
22.39697
25.90646
19.68374
21.55266
29.70439
20.12543
23.62289
25.06515
19.99623
29.15151
23.68899
17.57746
18.14534
20.90966
22.2197
18.60808
14.23924
16.68205
17.37013
13.09145
15.19473
10.61257
15.35098
10.97915
10.44131
14.03493
23.67999
10.21897
8.6445
36.63923
7.938399
16.42365
19.19395
6.378966
9.326572
7.56582
17.70664
74.90398
41.60898
42.05369
12.78797
30.6118
16.57689
19.99623
13.10647
27.80843
23.79717
23.58984
21.11397
40.95393
19.41933
20.60317
23.07004
26.04468
33.82382
18.42478
23.19022
33.73066
22.92581
26.48336
38.79656
27.8565
28.12693
31.62438
18.65014
26.48035
20.96073
20.03528
20.20055
16.03304
14.22421
14.0259
11.12638
13.21163
12.04581
13.33183
11.98873
19.24806
19.7198
21.04787
17.15681
14.43756
18.38271
23.19622
22.95886
28.73988
30.98439
19.82796
22.70646
25.14927
31.05049
26.60956
24.92992
26.81989
16.65802
16.53182
19.7859
18.89952
14.46459
17.82684
20.60918
12.62571
12.49052
10.13483
11.55906
12.37333
9.744223
8.662536
7.253335
8.298958
8.007513
9.125264
7.917367
9.88244
8.115672
84.66015
53.85008
35.96317
15.14966
41.36859
15.85276
21.81106
20.8105
29.03434
24.0766
26.14083
24.87585
27.25856
28.46045
16.13219
27.26757
22.82965
21.91022
26.98214
22.66139
28.49048
38.2377
30.66889
22.3429
36.83151
25.41068
21.5767
30.97537
25.90946
28.89012
29.74344
24.46421
27.15942
25.52786
22.57125
23.3074
32.39959
26.7718
28.07584
28.61969
28.66477
26.95509
29.67134
30.26926
24.40111
26.255
27.18646
26.63358
27.31866
26.45331
26.49237
25.28449
27.87453
27.87152
21.135
26.79584
27.45687
27.77537
28.35227
30.1671
26.4443
26.22496
28.28617
27.50796
26.90402
28.79096
26.98515
21.02984
24.49125
18.87247
23.73106
24.81875
18.19342
22.00937
20.35679
70.74844
63.36893
57.86139
18.80336
37.02681
17.80882
22.42402
15.01746
27.42382
33.12072
15.02047
34.99264
18.99868
42.02964
19.95416
18.9506
22.52618
23.35247
22.39097
23.4997
21.55265
38.07849
21.49256
32.14719
24.69255
25.51885
20.91265
32.76918
29.22064
20.79849
23.25632
28.0458
25.74721
19.04375
20.18552
22.96486
20.32375
22.09349
19.94515
24.28993
24.86383
21.12899
22.9258
22.39397
28.12393
24.40412
21.36637
21.91022
20.7474
27.51096
20.2336
28.50251
28.22308
23.95341
28.03078
19.54853
19.60862
21.81708
31.39302
24.52429
30.37743
20.37181
28.22308
24.45518
22.66139
26.20994
24.12167
26.64561
27.88656
21.85614
24.70759
25.71717
33.15377
26.48336
19.04073
23.49669
18.3106
23.19622
24.41012
29.69239
15.02947
8.581407
21.68787
16.3906
8.515303
10.29709
17.8629
13.30478
11.85352
30.56071
16.9074
14.82516
19.32618
17.97407
18.28957
20.84957
15.9339
18.64412
13.68037
12.08488
26.21594
25.96954
19.18797
25.50683
33.4212
18.33163
39.70402
24.72562
21.61275
24.40712
23.34647
24.41012
21.41144
18.30759
25.46778
27.4719
23.99548
28.83002
27.19246
24.27191
24.13369
23.60486
26.45331
31.28786
23.84223
30.51866
23.75209
25.99659
22.22871
24.02553
27.59509
22.26777
25.26045
28.02776
24.56336
28.78796
27.97068
24.05857
24.38909
19.89707
27.44487
29.15152
30.56673
22.64937
20.11642
23.84523
26.26401
19.49144
20.50101
20.9397
27.20147
26.48036
29.80654
23.00693
24.0105
30.98439
36.85857
21.06291
28.88411
18.91754
25.37163
20.78046
42.26699
21.82909
20.63922
16.91042
20.82853
19.87003
28.54156
24.11566
25.56393
22.84768
31.23679
31.19772
25.5549
18.13333
29.59621
27.80842
36.04429
25.39866
27.89556
27.40279
25.87941
18.97464
30.31734
22.84468
18.37971
19.47942
24.33801
21.26721
23.57782
22.92881
31.7025
25.69913
33.80279
28.53256
26.67866
27.49894
19.90008
19.92112
19.1459
24.0135
19.36223
25.57594
24.31997
29.38589
35.2871
32.89536
24.48223
20.40186
27.31265
25.20635
27.38176
28.55058
21.21012
28.6227
18.92355
24.6535
24.19078
18.88149
22.90477
22.53819
23.92937
19.88505
21.76299
21.11998
23.95341
27.19246
20.83153
21.67885
33.00956
36.7624
27.4719
20.48599
13.69839
23.11209
18.47285
36.58214
20.85257
21.06891
21.13201
25.50683
32.24637
22.75453
25.6661
26.67866
32.11116
24.47322
28.48749
21.94628
26.57051
24.93294
29.87865
23.25031
26.71773
28.175
29.22665
28.99228
19.41632
29.92072
28.53255
30.23923
24.00449
25.13424
20.33877
35.21499
29.97782
32.49574
24.74664
23.8182
22.37895
27.94363
25.72017
26.97913
33.69762
24.56035
32.09612
28.56261
20.44994
30.56073
27.05425
21.63979
23.48167
23.01594
27.77838
28.28317
32.69106
21.75698
29.26571
21.98233
26.47734
28.98326
28.35828
24.55134
23.34646
18.44581
20.35679
29.22364
22.52618
26.72374
19.60562
31.92786
27.1534
34.33462
30.5397
29.68335
31.39602
40.98701
26.0056
17.06666
10.51944
24.68055
19.206
37.49555
18.07021
19.71077
24.30196
20.55208
15.26685
17.54139
24.22685
24.40111
16.04206
30.17012
25.2995
27.19246
27.45386
16.97953
27.68223
23.97745
26.13782
25.15829
20.28468
21.40543
32.58589
25.63904
36.26363
27.06026
23.38551
21.8351
20.78947
31.83771
28.19903
25.58495
26.23396
24.2629
23.51171
23.80017
26.26401
25.92449
24.93594
22.46909
22.31285
25.06214
29.11247
24.80674
24.12467
28.52955
25.08918
30.43151
23.02196
21.36036
26.66063
24.41914
20.52806
34.94757
25.15528
30.57875
23.58684
34.87847
35.71377
26.90702
27.06026
29.64429
28.02477
22.13558
27.86851
28.50853
26.17388
35.11583
30.07396
25.86739
32.89235
16.33352
11.80544
24.1337
14.29633
18.1273
11.7093
14.84319
18.21744
24.35004
12.15099
14.42552
22.91978
14.33238
13.67136
12.8691
18.52694
16.54684
18.61407
23.70703
15.2969
17.04862
18.37971
31.02345
18.65013
14.82215
34.09123
23.96843
38.65537
18.49389
15.50422
19.01069
26.58552
26.99716
25.57895
20.72937
24.68055
25.63302
22.8627
31.29988
27.37574
26.22194
19.33219
27.4749
25.49481
22.32788
25.06816
23.11209
24.00749
30.24523
28.87509
21.66383
29.55115
26.8259
23.74608
24.42815
22.68243
21.66985
24.00449
28.82101
21.18309
22.94985
19.68075
23.07604
20.60017
19.13388
27.65519
30.28129
22.58026
25.59697
22.99191
28.99528
20.51003
21.68486
12.2321
13.7705
15.27286
28.33423
36.6152
23.08207
9.705157
13.92975
37.22514
23.36748
11.40282
11.68825
18.42779
18.40675
19.92412
15.84975
18.11829
34.84841
22.12656
14.42854
20.26665
26.66064
17.10271
19.81895
25.92448
23.46064
17.23792
17.5414
27.25557
22.90177
21.25519
18.44281
28.52655
24.59641
19.37125
24.21181
38.62533
24.14571
20.77744
21.52562
23.24731
24.8488
19.09782
26.9551
33.94702
24.86983
18.10028
20.06232
21.39943
21.79003
25.72918
24.26289
21.83509
29.72241
20.75641
29.17256
21.30627
33.52035
32.07209
36.33575
25.28749
23.77913
28.66476
23.49069
32.83527
21.91623
28.85707
22.89876
32.38758
19.80093
28.41838
23.60187
24.24486
33.24991
22.67341
21.68186
29.3228
28.89012
34.33762
40.14268
25.95152
36.26061
34.9716
24.73765
19.09183
14.59981
13.80657
21.45953
20.75341
18.3767
12.39436
19.96317
16.649
19.7889
15.83774
16.29144
24.46721
24.81876
39.49667
18.21745
17.31003
27.9857
27.62214
22.75153
26.255
26.00562
21.92524
21.60073
21.50458
19.66872
22.85369
28.15096
24.01651
27.58307
25.51584
22.65537
28.41236
22.67641
29.18758
33.34607
22.47511
21.17407
35.09481
23.34345
31.29688
31.75359
25.44373
27.18645
29.64429
28.20505
29.49405
25.45575
33.47227
28.71283
26.44129
21.67284
29.99885
27.87153
22.14759
27.31264
28.95922
26.88298
23.24731
27.66721
29.40391
22.71548
28.03378
29.27472
27.3487
32.47472
22.21069
23.85725
28.03678
26.33011
26.77782
28.37931
18.1153
26.94007
33.11471
25.75923
24.19678
43.89855
18.35565
14.39249
10.85295
10.77184
20.78646
14.77708
14.50366
17.26195
18.10028
22.92881
25.17933
15.86779
12.15699
21.05389
58.14677
18.79135
16.42365
18.16938
26.81989
23.8873
13.04938
22.51716
20.77744
15.68149
19.23304
26.48637
20.64524
27.22552
16.67906
26.11679
22.01238
21.00581
22.5442
15.18572
13.53615
19.22402
23.84826
21.71491
30.41048
21.91322
18.62008
25.20636
30.78307
20.55812
22.48412
33.34608
26.19791
22.46908
21.20712
25.65706
21.27023
32.9825
27.90758
24.31096
23.95342
24.16674
24.2028
31.85576
24.48223
31.3179
25.70514
26.96411
25.86139
20.69332
23.5688
21.9583
26.3902
30.9994
23.06102
34.59903
24.05556
24.37707
26.38721
30.22721
34.82439
17.30703
11.26459
12.25915
22.2828
27.76937
10.92507
19.54854
11.23755
25.17031
19.57858
13.38591
13.29877
18.72224
25.09819
11.47493
17.06965
20.13144
12.20807
18.07022
32.69103
21.38739
22.75755
16.95849
21.50459
26.12279
17.01558
24.18177
19.12488
40.41312
15.20976
24.43716
19.86402
23.73106
31.29687
27.17744
24.62045
22.45707
28.49651
16.35754
22.7335
20.51904
18.13333
42.62455
21.07492
20.56111
22.80262
30.25725
26.24298
32.2103
35.48843
31.28185
22.60731
27.36674
36.26363
24.79473
24.04054
29.63527
28.6287
25.63905
21.48056
33.67058
23.99547
24.31097
33.941
25.29651
30.03791
27.535
26.42326
23.98947
27.00317
31.20673
31.35697
23.31641
23.02796
24.82477
48.68201
30.42852
31.85876
26.97312
24.54533
22.86871
26.01763
27.12636
21.82909
24.47923
37.9733
23.14514
32.67002
25.41669
31.63039
29.9658
24.99002
27.64618
22.52918
30.19715
31.43208
32.42363
22.50214
24.19979
32.34251
28.00975
36.18551
32.32148
32.67903
33.10569
22.27378
32.06908
19.80393
21.46552
23.92637
23.04299
28.19303
31.8888
32.98552
27.25857
39.8332
25.33857
26.12279
26.99717
27.21951
25.20937
26.67266
24.12167
24.06159
34.48185
28.56562
29.41293
25.97556
30.98139
23.17219
24.98402
22.14158
26.63659
26.03566
21.21012
27.58006
23.65594
30.31434
33.52635
32.50477
27.70026
26.94307
22.8567
33.37012
32.12917
19.85501
20.34177
35.89705
29.28373
24.12168
41.41367
36.21857
22.83266
27.31866
24.94495
25.61801
32.95847
32.39659
24.12168
25.14627
27.96467
24.98402
24.21182
26.02064
26.17088
31.3149
23.38552
30.39847
24.45519
35.75282
29.3258
34.88446
29.74946
59.3607
30.28729
23.33143
30.48261
34.15133
32.65199
30.45255
22.95586
29.41894
20.60318
27.22852
30.09499
21.86816
21.94928
27.01519
23.86026
27.16242
26.34215
25.94852
27.4088
29.30777
31.69951
24.5273
24.15773
34.77029
32.55283
25.34158
25.13425
33.35809
32.79321
29.55716
32.56485
28.96523
29.15453
29.92674
28.47546
25.49782
22.93782
31.49518
28.28918
22.29481
27.7934
31.59734
31.41706
25.85237
28.59265
30.4796
25.90044
31.33593
29.87865
22.412
28.54457
48.04203
40.35
23.64993
26.07473
20.78046
23.64692
35.10682
28.72185
27.23152
30.40149
23.75511
22.51717
23.02195
26.25199
32.95848
30.33537
27.6552
28.95321
21.37238
19.56055
24.85182
21.38138
30.20616
22.11153
33.17782
31.04448
22.58027
30.91828
32.22832
27.77537
23.19624
22.21669
23.59584
28.48749
28.16899
25.65106
30.40148
26.60955
27.08129
29.62626
26.85895
24.81876
32.59489
27.77838
30.93331
29.7164
23.88731
28.34025
23.13313
31.30889
27.43585
26.72073
26.895
29.69837
24.06158
24.975
26.53444
27.51396
26.09575
28.4334
31.11358
25.96655
25.97256
31.33293
28.17199
26.39923
23.58684
33.37612
28.00073
30.26025
29.2657
24.94195
27.45388
28.65875
163.4311
127.1467
34.42476
41.11321
27.14439
31.43509
30.53668
23.03998
25.89744
26.33613
24.38308
33.58044
23.35247
27.01818
21.81407
30.43151
26.03565
21.56467
30.0409
31.52223
29.58119
31.68147
29.14852
24.91491
23.38251
28.32824
29.04336
26.87396
22.76956
23.1782
31.40503
22.0935
20.00824
28.4334
20.02327
27.33368
29.75846
25.10722
24.60542
31.1887
22.12956
23.96844
24.38007
29.47002
20.78647
27.12936
27.99472
33.89893
25.9996
21.9643
162.1152
59.64924
58.2309
21.16805
17.42721
17.8028
18.68318
18.56298
16.74515
19.87003
23.02797
17.31004
14.30535
18.22948
21.46552
20.68431
19.52749
19.83998
16.94046
18.08825
20.88262
16.87736
14.01089
17.05765
21.42947
21.96731
18.81238
17.50234
20.24862
16.21933
88.67447
55.03992
53.6578
14.79812
39.63789
18.78834
27.7934
15.39905
27.73333
16.91642
22.95285
22.19566
26.8319
21.31529
23.07002
20.56412
23.44862
24.62345
34.14232
24.7196
28.78796
40.10061
24.03453
34.10326
27.52899
23.052
20.39586
27.77538
23.57782
23.12711
27.62214
27.15039
35.35019
21.8982
23.29839
21.40543
29.27172
20.55811
26.33312
30.51565
21.3273
25.74721
25.27547
32.36954
29.9718
29.09443
30.88523
26.1889
27.76937
22.53821
24.59941
29.59321
12.18404
11.30065
12.28619
6.55625
6.922816
6.294835
6.282817
10.1739
6.081508
16.08112
7.983474
14.36844
7.755113
7.289393
13.434
42.86192
35.58155
7.821221
7.875307
26.23697
14.34141
88.97495
47.1797
44.37634
11.70628
31.34793
14.38046
21.69989
22.95885
28.89311
26.69368
30.6148
23.57482
32.77518
17.74271
20.25163
22.74853
24.30496
28.64674
30.01387
23.11811
43.0212
23.95341
36.8285
21.82909
22.30383
32.3395
29.54514
26.00261
22.17463
34.16935
32.26439
33.97405
32.76916
25.08618
31.47715
36.42287
27.532
32.29743
30.17912
23.03397
24.72562
24.40111
20.95773
19.55754
28.08185
22.77557
20.17651
25.71116
18.71323
20.63623
23.42158
28.2471
26.23697
23.97744
24.13669
32.36053
22.39096
22.19565
29.8426
33.8118
35.19696
30.63884
29.26871
28.76391
28.12993
21.48054
30.96636
24.42214
22.75754
24.81875
32.018
26.46533
24.8518
27.34872
25.14627
29.10044
23.1782
29.68035
28.34026
25.2935
24.69556
24.30194
36.9517
24.96598
31.12561
30.73499
21.86815
38.424
23.84824
47.76259
15.2368
68.32974
18.77332
55.57484
13.68337
56.56338
12.42441
12.83005
66.67415
14.09802
14.69296
16.99755
40.61743
10.15586
15.70556
11.55303
8.869855
12.43642
11.27361
10.48037
11.87155
13.49409
11.96168
9.663098
10.07173
14.9514
12.50855
13.59024
13.52713
26.88299
23.09407
25.99961
25.17934
20.28468
20.54308
21.00279
17.51135
17.95605
19.41632
15.6815
14.35943
12.02778
12.38537
10.02666
8.981029
9.993615
15.74459
10.16188
22.55023
10.74478
9.891461
11.54103
9.624033
77.59616
52.31171
44.64371
17.02159
36.45293
18.97163
22.04843
18.17839
16.23135
47.48014
38.85968
15.71454
26.40524
17.96807
24.69857
21.39942
23.03999
31.34795
25.70815
30.57273
30.84016
20.58215
26.91604
28.21105
42.93402
25.60298
22.35791
24.94495
21.48655
25.53387
27.89256
28.13293
23.44862
31.1857
30.65687
30.26626
15.6785
13.3108
13.83362
9.098217
13.73145
8.92395
12.77596
13.01633
17.76975
14.25125
16.94346
12.20507
23.87829
13.73445
14.75004
14.083
37.07193
12.59567
23.42159
14.69596
15.81069
16.66102
15.09859
14.34139
16.37858
15.57633
23.67697
12.58666
14.93933
17.48731
15.53726
16.46272
13.88468
15.8137
14.87022
18.51191
15.29389
17.88694
14.3474
16.3215
15.70854
102.9721
72.85011
73.61504
48.78363
41.61337
43.99122
60.11408
21.49858
41.31452
22.04242
31.98797
25.02608
24.10064
34.89503
51.34723
37.64532
34.77931
28.08185
23.18421
25.62101
30.56673
33.76372
32.88034
34.37041
25.2905
26.81387
31.00242
24.48523
23.89031
29.34983
26.83491
21.39642
22.30384
31.58532
23.25931
30.13706
27.29162
25.27848
29.9087
27.54702
33.77875
29.86063
32.05105
27.78439
34.03114
31.98194
31.29988
32.73311
27.50495
25.65406
25.75922
30.48561
23.46364
26.98514
26.08674
26.96111
31.13462
28.58664
29.7194
24.0766
26.03566
21.94927
21.98834
23.86627
24.17877
23.34045
29.92974
20.6903
23.76111
27.28862
21.95228
19.38328
36.3748
30.49763
33.75171
31.86476
29.40091
27.2766
30.96936
35.81293
27.89557
28.11191
37.75095
28.33125
22.43304
28.68278
27.58006
25.29049
28.10288
23.43359
25.11922
31.87378
28.79998
29.51209
32.77818
31.86176
31.27884
32.23734
24.69857
26.19191
24.04655
26.46232
32.85029
32.51677
24.23885
33.24992
27.55904
24.66252
23.27736
22.4781
26.35715
24.35604
25.95453
31.09556
31.93988
56.42815
19.80392
19.78589
13.89971
14.69895
11.35774
73.88831
19.7859
18.85745
18.6982
17.56243
19.47041
17.31003
23.86628
22.68843
20.44693
17.61351
20.54909
23.4967
18.58402
22.77857
19.67172
24.38308
15.20074
16.55887
14.75905
14.39248
16.50478
19.14289
15.76863
50.39167
67.28403
23.8813
22.89276
32.3425
23.52073
90.50132
66.55692
27.08429
36.97574
49.14473
19.56656
34.41575
38.43301
27.30964
26.26101
48.97645
42.96106
23.27135
26.30909
28.56861
19.60862
23.83623
28.57162
24.53933
24.2689
19.37425
24.58439
26.63059
23.97745
20.11341
20.19454
26.1919
20.66928
18.92055
18.15435
25.72918
19.06778
38.78457
23.60787
25.01105
27.28862
27.80242
23.95941
18.44881
21.84712
26.47434
38.47207
28.01875
22.18065
24.5213
24.02852
27.50496
22.65537
23.74007
23.01895
28.86908
20.2336
20.41688
18.14233
22.29181
18.52393
18.23548
19.56957
21.33332
19.02572
25.8704
27.73631
20.51003
24.88787
22.90777
23.77613
20.00825
26.09876
21.56469
22.36092
21.24918
21.57069
22.57726
23.38852
24.91791
20.5551
27.00918
22.64637
109.3408
63.49515
37.11395
45.8576
21.93425
25.71716
43.39977
37.21611
26.35416
39.65291
57.9004
30.45556
27.10233
23.84824
29.98983
29.89369
19.86102
24.95397
20.31473
18.86046
24.59942
19.75284
20.63323
21.58872
18.81238
23.96844
26.26101
23.45463
22.42702
23.00392
28.49951
21.47153
25.73819
20.67229
22.33688
17.50533
22.58327
17.83886
21.01182
28.64373
23.00392
20.21257
14.95736
14.62985
41.51587
18.94759
21.34233
33.41216
22.77858
18.3106
36.82252
19.23604
29.76447
18.19642
30.83114
18.45482
21.16205
24.84881
21.61875
17.37314
20.1014
19.83998
19.13088
15.88882
16.3906
14.97538
16.17726
16.5228
17.32807
14.54571
17.49633
15.2428
15.42609
16.40562
14.43455
76.7037
63.68139
41.41969
32.01199
30.51264
30.17312
37.85011
19.82495
29.31979
26.29408
42.4022
60.6377
34.17236
30.13106
27.06326
23.75509
26.87697
26.5104
29.5872
23.89632
22.39397
23.05801
24.64148
28.77894
27.87152
25.07115
22.9228
23.95941
28.12691
22.8627
21.5767
30.10101
27.65819
28.52655
23.99547
23.96242
25.94251
25.50383
26.56749
24.90289
21.55566
23.78514
20.90365
21.65482
23.16918
21.65782
27.42383
22.96186
23.58683
22.93783
25.83134
24.70758
19.60562
21.53765
28.818
23.98345
18.00111
25.12523
23.96843
26.55247
28.63773
22.01538
25.00205
24.83378
22.12655
27.81444
30.04993
25.34157
30.22074
27.98571
35.07677
26.39021
28.08486
88.47616
62.77103
38.18361
44.05178
21.48355
22.22872
32.42963
22.59829
18.46684
16.81726
43.88352
43.70926
22.96487
20.68129
27.51397
29.34983
26.26701
26.47134
23.63792
23.19624
17.46327
23.28036
19.80393
26.97312
22.10553
23.12111
24.46721
21.28825
24.80674
22.16262
26.08674
26.19791
23.26834
23.91435
23.06401
27.78739
23.2473
20.28167
22.50514
19.74684
19.68074
16.15023
14.99342
14.64787
18.10628
16.88337
13.98985
23.97446
14.47061
15.59135
15.64544
17.72468
18.1814
16.012
17.37013
40.57537
14.66891
24.68956
15.75961
34.92354
14.88525
33.90494
21.60674
30.8672
27.58909
17.0937
18.79134
17.99209
16.97652
14.99341
23.51472
17.36712
20.28468
18.38271
15.83773
18.7613
15.51623
76.40329
59.93758
19.20601
40.21482
44.1539
22.97087
24.45819
32.66702
29.31377
31.07154
37.24918
55.06999
36.37781
34.0041
25.618
26.02964
18.25051
25.81932
25.76223
22.03942
23.15116
23.59585
20.52506
23.73406
22.05144
19.26008
24.29594
23.86327
21.11098
23.57482
21.1891
21.61575
21.46251
27.62214
28.31322
23.19021
21.79003
19.44036
29.79454
14.74103
13.67736
14.51568
29.52111
12.70384
14.79812
38.54418
13.13651
25.50684
15.28487
28.77292
28.19303
16.33652
29.29575
15.84976
18.8274
16.95548
22.68843
20.44693
14.95136
18.68318
21.129
20.05933
15.46215
17.49933
13.3198
13.71943
17.09971
12.44243
15.10459
16.02403
12.22911
15.22177
14.48864
13.28976
55.76108
53.79301
32.35151
49.18381
29.95678
17.0937
26.09576
19.68073
26.79887
34.31057
43.0182
28.1149
19.68975
27.12937
23.84825
29.47303
31.65743
32.13819
23.86327
22.26778
26.9521
23.08505
19.84299
27.19246
25.66308
20.36881
27.00617
20.22459
20.00223
26.66665
23.34646
21.79003
20.6843
26.84994
23.16618
24.66252
18.16637
21.48956
17.31905
18.27154
14.14609
19.47039
13.65633
13.96281
12.82103
12.00375
15.42611
14.12206
46.747
18.63511
24.86685
14.95737
32.76316
17.91398
28.43341
16.48374
25.4918
14.28731
16.41163
13.51812
17.01858
12.51755
13.01334
16.47473
13.89371
12.61971
14.64187
20.12923
22.00036
31.67845
17.06665
27.06327
20.40487
93.7494
60.9111
40.30796
41.25445
18.21445
28.13594
34.31357
40.93591
38.7425
29.10647
35.51547
55.34042
22.5382
24.30496
26.898
27.3427
22.21069
25.56392
21.68786
21.36336
30.47359
20.35679
27.69424
29.47903
23.80017
28.16298
20.72937
22.25875
30.84618
26.44129
21.18007
23.82121
20.76243
21.83509
22.45407
19.6567
23.94139
22.28881
26.11979
23.18721
23.90534
20.11341
24.96899
22.66439
20.98777
22.2798
20.37482
19.86703
17.0366
22.84167
18.21745
19.98421
19.99621
13.24169
12.94122
10.04769
22.1536
12.44243
11.48394
17.35211
33.06362
14.63285
21.88918
14.95135
28.3072
14.2122
29.01632
17.21389
28.96222
21.61575
15.4261
13.5692
18.78534
22.54121
13.75849
68.99673
62.36538
41.3025
51.6627
30.83715
34.46381
35.40129
26.67865
42.20691
56.40404
29.93875
25.63004
29.35284
27.12035
28.71284
23.60787
27.07829
22.7275
28.67678
26.45631
21.11998
28.66476
16.99154
21.52562
28.56561
22.83867
20.36581
20.27266
21.37539
21.54364
19.43435
27.58006
27.11134
26.35416
18.37069
25.13726
17.15679
31.43209
23.1121
20.20055
22.30082
26.37518
25.52485
24.67454
26.73275
24.35603
24.78871
22.88675
26.99115
21.10797
29.53311
24.77669
23.85426
25.96956
17.18083
27.97069
18.55999
20.04732
23.93838
22.55623
24.25988
21.30027
23.8182
31.34494
17.43323
18.77032
19.49745
18.78234
14.17615
23.20823
12.6828
10.98816
14.68994
10.59755
13.10647
76.53249
57.71414
41.68708
51.31416
20.1705
50.07921
31.06852
21.35135
28.14194
33.6105
47.77158
24.49425
27.61612
24.40411
29.43396
24.98402
21.94928
25.65406
26.28505
24.972
25.0411
24.71059
25.47979
22.05444
23.50571
27.54702
27.96466
21.13802
27.9827
21.61576
24.96299
20.02027
31.3179
18.07924
25.24242
28.59565
28.13895
26.9581
22.60129
24.17876
29.22965
23.48467
24.01951
31.1256
22.45707
22.3459
19.60862
23.48468
28.23509
20.28167
26.889
32.42965
26.11678
32.69404
27.535
26.62759
26.98814
21.09896
21.76299
28.48749
21.13501
28.40937
26.3151
27.34571
28.81199
19.41031
23.87229
20.98778
26.93406
26.21894
21.09594
20.34777
27.2165
21.77501
22.80862
65.46317
55.7971
32.03904
43.30059
17.49032
19.75284
25.10121
20.21557
34.19041
36.32671
52.11938
22.24674
27.69725
29.53311
26.50139
22.50515
32.47471
23.33745
28.25312
29.42796
25.76524
26.16485
19.29313
22.94083
23.08204
23.34646
24.14871
24.33801
19.71379
27.31265
26.14083
25.01707
22.00336
20.53709
29.29275
25.96956
20.18553
26.45331
25.46477
19.74985
24.15471
23.38252
21.89219
27.90157
25.29952
22.91378
23.55979
27.96767
27.20749
25.46477
22.99791
25.21539
29.33781
27.42383
27.48993
28.53556
23.4336
21.50458
21.41144
24.60542
21.06891
28.68279
24.15772
25.42271
25.95754
26.67265
23.01293
26.9581
26.30007
31.33593
28.27114
26.01162
24.72561
25.11322
19.88806
23.45763
102.9408
58.46226
38.85366
47.89782
27.54702
28.96824
20.65726
21.64881
32.23132
36.40486
48.04201
29.11247
25.57894
26.24298
25.20937
24.83679
28.11792
27.24054
23.06402
23.52374
27.66421
25.09519
25.8704
30.04392
26.65162
25.73519
22.88674
25.95754
27.24655
22.18364
23.67097
20.26665
30.36541
27.06627
28.89613
21.75097
22.94684
27.59509
28.71284
24.04956
26.26101
28.96824
21.31829
25.38064
25.63603
25.0351
22.97087
25.98758
27.05125
24.10965
22.08749
20.54909
18.27153
19.64168
22.17162
20.11942
20.05932
17.2199
23.36448
17.83285
11.70027
12.3583
12.48149
10.92207
13.24168
31.78664
13.27774
21.63378
13.95079
24.19678
13.52412
29.27171
16.73613
23.29539
13.97483
14.4616
